seasons <- c(2006, 2007, 2008, 2016)
test_season <- 2007
team_abbr <- "NE"
season_type_filter <- "REG"
